822 268 368 366 424 41.6 121.4 122.8 20.2 23.4 35.2 24.8 82.8 158.4 54.8 139 196.2 63.4 15.66 9.56 0.154 0.1796 0.694 0.698 0.366 0.302 1.888 5.66 0.852 0.352 65.8 35.6 87.6 183.6 44.2 0.0814 1.51 2.46 2.5 0.592 0.1332 1.058 2.66 2.96 0.68 2.08 5.48 5.52 1.526 1.428 0.00122 0.000378 0.00524 0.001606 0.000296 36.8 51.2 91.8 143.6 94.2 0 0 0 0.000344 0
160.2 164.4 157.8 328 189.2 43.2 13.86 23.8 49.6 18.82 129.6 85.4 113.4 498 106.6 210 90.4 38 73.4 30.2 0.738 0.688 0.646 1.218 0.074 0.452 0.48 0.488 0.452 0.274 200 212 252 718 264 7.58 18.02 14.46 27.6 12.32 1.904 2.72 3.5 2.22 1.59 2.14 2.26 1.838 1.834 1.674 21.4 12.5 67 97.8 59 93.8 66.8 70.2 170.8 73.4 0.01246 83.2 27.2 25.4 6.04
112.4 124.6 137.6 158.8 116.2 115 14.84 9.22 16.56 3.22 63 55.2 54.8 101.8 48 51 15.54 8.78 14.32 26.2 0.442 0.464 0.386 0.534 0.368 4.74 0.44 0.708 0.838 0.246 204 244 252 212 174.8 11.24 18.9 15.32 16.36 17.18 1.396 0.71 0.638 0.494 0.614 4.72 1.452 0.936 1.03 1.156 200 16.96 132.4 139 230 30.4 39.8 31.8 48.2 38.4 32.8 173.6 114.6 131.8 81.4
146.6 153.2 135.4 166.2 131.8 18.02 10.1 11.36 8.62 9.5 65.4 51.2 65.6 89.8 62.6 17.72 23.2 22.4 22 16.56 0.996 0.538 0.21 0.852 0.806 0.876 0.402 0.586 0.256 0.314 240 177.8 206 232 228 19.12 22.2 14.9 21.6 15.18 0.682 0.348 0.594 0.632 0.776 1.19 0.566 0.726 0.694 1.744 308 72 192 228 258 57.2 66.6 57.8 53.8 43.4 157.8 238 206 153.6 119.8
112.6 183.6 173.2 210 228 2.34 4.06 2.46 4.64 4.6 44.4 48 55 62.6 65 5.68 11.26 16.22 9.88 6.36 0.626 0.844 0.384 0.822 0.572 0.0728 0.1248 0.1624 0.1832 0.22 183.2 177.4 188.8 171.4 162.6 14.16 20.2 14.34 19.28 18.16 0.1586 0.1702 0.1892 0.302 0.16 0.376 0.438 0.304 0.328 0.364 332 206 228 264 298 73.2 65.6 88.4 53.4 75.6 87.6 196.4 146.8 111.6 159.8
185 174.2 214 145.8 218 2.4 4.22 2.16 5.4 2.88 41.4 48.8 56 55.4 65.8 3.32 8.1 17.3 39.6 14.5 0.744 0.65 0.364 0.88 1.102 0.21 0.418 0.298 0.546 0.384 166.4 161 224 154.6 202 16.68 17.46 14.7 15.62 19.1 0.216 0.376 0.322 0.436 0.508 0.428 0.5 0.434 0.644 0.75 336 280 274 322 388 72.4 93.4 134.6 99.8 112.8 82 163.4 154 160.2 184.8
226 240 254 258 234 1.982 1.678 1.486 2.42 1.554 52.6 55.6 49.6 49 51.2 19.78 11.92 9.88 8.08 9.1 0.324 1 0.554 0.994 1.014 0.314 0.488 0.286 0.428 0.236 165.8 167.8 167 168.6 157.2 15.94 20.6 16.28 21.2 16 0.232 0.476 0.1998 0.286 0.308 0.292 0.444 0.322 0.292 0.408 264 360 268 324 302 141 128.8 126.8 81.8 106.8 121.8 244 185.2 152 111.6
410 240 316 302 282 2.4 1.48 2.18 3.24 2.86 78.2 47.6 50.4 46.6 51.2 24.6 16.02 9.34 14.72 23 1.282 1.162 0.472 0.994 1.132 0.458 0.506 0.466 0.478 0.748 288 163.8 141 165.2 152.8 26 15.96 17.96 19.86 19.18 0.492 0.426 0.238 0.512 0.514 0.598 0.536 0.572 0.6 0.58 664 304 272 352 402 196.2 112 135.4 108.6 143.2 146.2 123.8 103.2 104.4 104.4
314 296 334 186.8 270 2.62 1.26 1.186 1.44 1.476 48.8 42 44 36 48 14.88 10.56 4.76 9.92 4.48 1.06 0.982 0.826 0.596 1.388 0.7 0.208 0.296 0.264 0.604 150.2 143.4 150.8 138 153.8 18.92 14.84 18.22 12.98 20.2 0.34 0.336 0.187 0.28 0.46 0.358 0.54 0.256 0.338 0.946 290 302 244 199 316 125.2 100.4 165.2 96.8 132.4 138 67.8 41.2 111.6 94.4
302 268 224 244 230 1.528 2.96 1.574 3.08 1.438 42.8 51.6 37.6 50 43.8 5.22 22.6 6.34 11.9 11.8 0.922 0.766 0.64 0.926 1.122 0.432 0.96 0.572 0.95 0.98 136 167.2 142.4 162.6 130.4 20.2 21.6 15.14 16.2 18 0.634 0.496 0.382 0.516 0.6 0.452 0.4 0.414 0.626 0.838 308 334 222 280 314 121 160.2 125.4 149.6 123.8 92.4 121.4 72.2 109.6 58.2
324 260 132.2 180.4 230 2.74 2.02 1.498 1.43 1.508 39.2 46.2 18.2 27 36.6 10.26 8.5 2.78 2.28 3.24 1.712 1.284 0.616 1.082 1.284 0.556 0.492 0.28 0.24 0.344 138 125 70.4 95.2 128 17.74 18.68 8.48 12.98 18.42 0.336 0.336 0.1542 0.256 0.292 0.9 0.876 0.656 0.39 0.474 292 230 122.6 148.4 248 103.8 113.8 61.4 68 98.4 90 127.6 28.2 52.4 48.4
426 270 322 314 254 2.5 1.392 1.344 3.02 1.75 47.4 37.8 48.8 44.2 33.8 10.38 6.74 9.52 10.24 9.12 0.95 0.918 1.096 1.296 1.128 1.016 0.462 0.36 0.796 0.55 158.6 122 163.6 126.6 90.4 23.6 16.14 21.8 21 20.6 0.282 0.37 0.602 0.486 0.298 0.408 0.368 0.414 0.436 0.506 354 226 312 266 264 121.8 100.2 137.4 126.2 102.8 49.8 75.4 68.4 88.2 97.4
360 256 238 41.6 290 1.436 0.782 2.4 0.42 2.26 34 30.6 34.2 5.8 38.4 8.92 3.28 10.52 1.342 10.74 0.572 0.968 0.568 0.095 0.742 0.482 0.388 0.78 0.1688 0.87 115.4 108 113.8 16.14 113.4 16.74 13.82 15.34 3.76 22.6 0.434 0.252 0.488 0.0526 0.536 0.442 0.6 0.324 0.086 0.468 242 190.8 222 28 266 81.8 74.8 102 13.62 107.4 33.2 18.9 89.4 1.976 45
290 264 298 312 256 0.758 2.36 1.098 1.798 0.756 31.4 29.4 38.4 36.8 28.8 5.74 4.2 9.06 10.14 8.7 0.57 1.226 0.688 0.638 0.716 0.282 0.772 0.31 0.494 0.1602 110.8 124 122.8 120 96.6 13.42 12.7 14.92 18.44 14.84 0.436 0.1294 0.38 0.57 0.426 0.23 0.744 0.37 0.28 0.434 191.4 204 208 236 199 71.8 62.2 94.6 98 86.4 21 35.8 15.82 53 37.2
314 362 350 332 300 1.266 1.932 1.542 3.02 0.838 28 32.8 37.6 34 26.8 7.76 11.7 9.54 4.62 2.26 0.486 0.55 0.812 0.874 0.814 0.326 0.636 0.452 0.556 0.268 85 110.4 115 83 72.6 15.42 16.7 15.16 20.4 17.16 0.32 0.342 0.34 0.342 0.528 0.326 0.47 0.728 0.57 0.432 194.8 189.8 232 234 178.2 61.8 79.6 91 79.8 86.8 52.2 95.8 89.4 80.6 52.6
274 290 356 312 248 1.238 1.546 1.454 1.978 1.334 29.2 31 34.2 31 21 8.32 7.52 7 6.2 3.68 0.94 0.872 0.996 0.95 1.214 0.372 0.62 1.042 0.44 0.714 119.2 116.6 128.8 112.8 70.4 10.32 12 14.16 13.4 12.28 0.1326 0.338 0.294 0.348 0.29 0.328 0.52 0.996 0.96 1.198 174.8 169.8 212 182.4 148 45 75 76.4 65.2 41 72.4 45.2 72.2 51 20.6
330 332 364 474 428 1.46 1.07 1.784 2.48 1.92 27.4 28.2 29.8 36.6 32.6 3.16 9.86 6.54 4.22 4.32 1.264 0.564 0.864 1.306 1.308 0.436 0.388 0.44 0.682 0.526 133.6 127.6 132.6 139.4 114.6 13.72 13.84 13.14 17.6 16.92 0.202 0.252 0.44 0.278 0.498 0.612 0.326 0.43 0.608 0.808 184 174.8 189 206 228 42.6 65.2 72.4 92 71.8 66.6 46.6 52.4 64 35.4
500 288 354 318 428 1.766 1.444 1.784 1.838 1.324 18.62 24.2 30.4 30.4 32.2 3.28 8.08 6.62 9.4 3.26 1.218 0.872 0.89 0.93 1.16 0.364 0.494 0.62 0.606 0.41 103.8 116 146.4 117.6 105.2 10.38 11.1 13.32 14.54 16.66 0.191 0.272 0.378 0.652 0.434 0.458 0.818 0.604 0.624 0.902 0 170 198.8 222 171.8 48 50.8 62.2 56.2 52 69 71 64.8 27.8 45.6
314 336 336 370 368 3 2.12 3.48 1.01 1.288 28 24.4 26.6 16.54 16.5 6.08 5.88 5.76 3 3.86 1.728 1.422 0.654 1.37 1.184 0.64 0.738 0.556 0.248 0.332 155.8 121.6 138.8 96.2 91.2 14.32 12.22 12.68 14.58 13.36 0.212 0.1792 0.153 0.478 0.436 0.868 0.692 0.528 0.712 0.86 230 186.6 165.4 162 171 48.2 50.4 62 49.4 42.2 96 103 37.4 37.6 46.6
320 384 420 492 462 1.874 1.668 2.04 2.48 0.838 27.2 29.4 28.4 31.6 23.8 5.08 4.44 6.58 6.56 2.06 1.494 1.216 1.39 1.004 1.098 0.574 0.542 0.718 0.496 0.376 94.4 106 117.2 134.8 113.8 14.1 15.1 14.48 17.36 17.46 0.1582 0.344 0.222 0.632 0.506 0.944 0.708 1.512 0.752 0.794 172.4 179.4 208 210 218 43.4 55.4 50.2 71.2 57.8 49.6 52.8 43.2 60 37.2
378 394 310 380 364 2.14 1.582 0.826 1.604 1.138 25.8 28.2 30.2 6.68 9.72 5.36 7.36 1.222 2.9 8.9 1.288 1.146 1.568 1.228 1.07 0.576 0.434 0.262 0.364 0.45 141.8 130.4 120.8 121.6 117.4 13.08 14.44 11.66 15.28 14.34 0.238 0.418 0.234 0.368 0.3 0.54 0.558 0.556 0.58 0.718 202 183.8 157.2 167 172 48.6 49.8 49.4 44.8 58.2 53 58.2 44 72.6 71.4
268 472 514 364 364 1.09 1.798 1.786 2.26 1.982 21 24.6 21.6 9.9 10.38 5.12 5 4.84 4.84 6.16 0.824 1.43 1.558 1.404 1.382 0.356 0.724 0.878 0.62 0.616 104.4 118.6 108.4 118 101.2 12.1 13.96 15.08 14.82 13.26 0.336 0.334 0.402 0.34 0.31 0.676 0.984 1.26 0.892 1.422 155.2 204 206 177 148.4 45.8 60.6 58.2 52.4 46.8 51.8 98.8 47.6 48 62.6
408 432 388 424 448 1.668 1.806 2.14 1.312 1.744 7.02 5.38 6.94 24 23.6 4.18 3.46 5.4 2.46 5.4 1.848 0.908 0.878 0.75 1.108 0.518 0.618 0.518 0.382 0.454 118.6 89.8 84.8 105.6 117.4 16.08 16.58 14.92 17.34 17.92 0.588 0.406 0.248 0.1814 0.31 0.606 0.53 0.39 0.276 0.588 198.8 186.8 193.6 168 182.6 57.4 63.4 56.6 61.4 65.6 85.6 53.4 44.6 21.2 39.2
372 344 396 344 282 1.97 1.63 1.864 2.38 2.96 13.74 10.2 16.08 24.2 23.2 6.32 5.04 7.14 5.74 10.64 1.162 1.534 1.156 1.146 1.17 0.706 0.582 0.642 0.64 0.662 158 133.4 142.6 120.8 132.8 14.64 11.64 13.2 13.36 13.06 0.402 0.246 0.34 0.398 0.418 0.872 0.574 0.654 0.758 0.77 180.6 165.8 182.4 136.4 144 61.2 41.4 65.8 44.8 44.2 56.4 33.8 42 49.4 34.6
272 226 340 318 320 1.468 1.748 1.622 1.922 1.894 16.16 14.38 25.6 33.2 29.2 7.28 8.44 3.9 11.7 9.14 0.518 0.738 0.954 0.7 0.586 0.414 0.434 0.482 0.888 0.556 104.8 98.6 161.2 133.6 103.8 13.46 8.42 12.38 12.36 13.88 0.33 0.278 0.1742 0.376 0.384 0.58 0.774 0.438 0.586 0.686 145.8 120 189.2 147.8 162.8 49.8 44.8 69.6 56.6 44.6 69.8 44.8 93.4 37.8 29.2
312 288 362 434 300 2.94 1.942 1.72 2.38 1.924 26.4 24.2 37.6 37.6 30.6 5.74 4.9 4.56 1.884 9.66 1.008 0.762 0.954 0.654 0.686 0.862 0.53 0.512 0.594 0.576 144 134.2 135.2 145.2 101.6 14.52 10.36 13.64 13.24 10.04 0.32 0.1934 0.388 0.364 0.27 0.622 0.53 0.504 0.344 0.516 199.8 136.6 159 161 113.6 45.8 41 55.8 53.6 35.2 49.8 35.8 61 62.6 34.6
380 432 406 520 420 1.906 2.6 2.22 2.72 2.22 32.2 34.6 35 35.8 45.2 8.1 5.06 3.12 3.36 6.48 0.97 1.118 1.872 1.144 1.198 0.298 0.572 0.512 0.382 0.536 105 113 114.2 117.8 134.4 15.48 16.1 14.64 15.32 17.2 0.552 0.454 0.197 0.518 0.32 0.644 0.768 1.066 0.666 1.192 161.4 199.4 186.6 160.2 180.6 61 60.4 49.2 41 45.2 55.4 36 59.2 75 57.8
438 440 424 376 406 1.67 0.532 0.7 0.888 0.486 42.6 44.6 54 41.8 50.8 9.28 1.814 3.16 0.612 1.566 1.188 1.406 1.764 1.258 1.594 0.298 0.35 0.362 0.264 0.152 171.4 160.4 148.6 111 145.8 14.56 14.06 13.92 12.42 14.62 0.386 0.328 0.354 0.346 0.256 0.514 0.402 0.442 0.388 0.254 170.4 164.6 180.4 95.4 159.2 62.8 73.6 63 37.2 49.8 141 100 104 71.4 92.6
290 298 0 0 280 3.08 2.6 2.62 2.92 2.36 29.6 33.6 38 26.4 30.8 3.7 4.02 3.26 2.34 2.62 2.16 1.504 1.862 1.366 1.352 0.288 0.26 0.452 0.1722 0.304 59.8 73.6 102.2 77.8 73.4 14.36 16.32 14.36 13.88 15.52 0.488 0.564 0.414 0.618 0.268 1.146 1.052 0.742 1.042 0.884 250 292 232 232 246 40.4 49.6 42.6 36.4 34.8 204 187.6 125.4 194.4 169.8
216 147.6 310 180.4 214 5.22 4.12 5.28 4.48 4.12 39 26.2 54.6 33.8 31.4 5.24 2.88 5.98 2.02 3.28 5.34 2.7 3.72 4.06 3.14 0.61 0.366 0.574 0.4 0.404 28.8 33.8 43.4 48.2 58.4 15.56 14.62 23.6 16.78 16.36 0.522 0.366 0.776 0.38 0.394 2.24 1.842 2.62 2.22 1.66 266 278 338 358 470 40 43.6 53 36.2 45.6 186.4 161.6 98.8 276 306
184 137.2 149.4 125.4 153.6 6.16 6.44 5.36 5.16 3.86 41.2 31.6 37.4 33.8 38 3.5 3.64 3.14 1.878 1.936 5.96 5.7 4.14 4.46 2.04 0.78 0.862 0.378 0.496 0.488 25.6 20.2 26.6 22.2 24.2 17.26 15.32 15.44 15.06 14.92 0.362 0.424 0.5 0.294 0.254 2.66 2.6 1.636 2.46 1.676 394 368 366 398 366 42.8 44.8 46.4 26.4 36.6 446 320 304 246 268
141.4 120.8 178.6 170.4 179.2 8.2 8.5 13.26 5.36 9.8 38.8 39 61 65 70.6 3.38 3.42 5.84 1.54 4.9 4.22 6.02 7.38 8.7 5 0.592 0.868 1.476 1.28 1.282 17.3 14.9 13.02 17.94 31 14.52 18.9 23.6 27.4 26.4 0.422 0.372 0.53 0.378 0.442 2.54 2.62 2.94 3.56 3.62 356 354 360 390 670 38.8 52 47.6 47.8 78.8 304 234 226 226 199.6
141 124 151.2 174 141.4 6.26 8.52 7.7 6.56 10.72 37.2 47.6 58.8 64 47.2 3.88 7.66 6.2 2.52 3.64 4.18 5.54 5.3 7.18 6.44 1.024 0.874 2.08 0.856 1.368 20.8 26.2 15.1 17.82 15.5 9.84 17.9 17.12 26.6 19.1 0.294 0.594 0.604 0.518 0.334 2.34 2.92 2.3 2.38 2.82 472 470 358 546 400 31.2 54 37.6 46.2 45 348 288 140.2 298 274
162.2 148.6 136.6 140.2 158.8 9.26 10.58 9.88 10.28 6.06 35.8 57 51.2 41 40.4 4.56 6.82 5.24 8.3 2.74 5.86 7.44 6.48 5.8 3.9 1.848 1.09 1.506 1.192 0.558 19.76 24 13.62 20.4 12.9 10.14 23.8 14.46 21 17.68 0.318 0.664 0.338 0.85 0.364 2.9 2.8 2.5 2.5 1.546 362 584 366 460 434 33 70.2 38.6 55 51.4 276 250 260 254 232
159 159.4 202 170.8 99.8 9.94 8.68 9.7 14.12 13.8 48.6 49.8 52.6 64.8 53.6 4.62 5.18 7.34 5.16 7.7 7.44 6.42 7.02 10.62 5.52 1.08 1.568 2.2 1.114 1.032 11.64 13.96 12.86 17.62 12.24 12.92 15.42 12.34 16.72 15.7 0.484 0.434 0.326 0.564 0.744 2.46 2.34 2.76 2.94 2.6 348 438 528 596 544 33.6 58.6 43.4 50.2 42.2 350 278 226 398 210
187.4 109.4 216 132.6 96.6 13.1 14.6 14.14 12.04 9.06 41.6 39.6 41.2 41 28 6.98 9.14 7.36 4.68 4.9 13.78 11.5 9.48 7.92 6.66 1.276 1.256 1.65 1.114 0.61 15.7 15.36 16.12 14.9 11.76 11.92 10.44 10.52 10.4 8.68 0.686 0.546 0.47 0.452 0.47 3.28 2.78 2.8 2.08 2.16 374 394 468 432 322 30.8 33.6 31.8 29.8 24.8 466 360 366 165.4 75.2
117 123.8 127.8 170 132.2 6.18 9.74 10.36 13.72 18.18 31 29.6 41.2 62 40.4 3.32 5.06 9.4 3.84 9.28 12.7 7.56 9.7 10.14 11.64 0.728 1.022 1.948 1.17 1.636 25.4 22.2 29.8 25.6 21 11.76 10.86 12.14 19.54 18.36 0.696 0.394 0.446 0.752 0.588 1.76 2.38 2.56 2.58 2.56 342 376 476 456 464 26.2 25 43.8 30 29.2 171.2 192.6 182.2 152.2 202
150.2 155.8 142 123.6 127.2 4.94 14.02 13.4 8.46 13.78 33.8 30.8 34.4 47 43.2 3.02 7.72 6.78 2.88 9.24 16.44 16.7 12.68 10.76 12.2 0.854 1.616 1.636 0.63 1.144 32.4 30.8 25.4 34.4 28.2 7.9 9.1 9.98 15.28 15.34 0.316 0.428 0.45 0.65 0.442 1.688 2.76 2.48 1.772 2.18 426 482 438 428 448 13.84 16.24 20.6 16.56 15.74 254 192.4 248 195.6 214
96 91.6 91.4 133.2 121.6 7.56 11.14 13.78 18.8 22.2 27.8 31.2 27.8 62 35.8 4.04 7.24 8.54 7.12 13.1 9.46 10.54 8.28 13.12 11.52 1.304 1.886 2.26 2.02 2.7 29.6 36 38.4 53.4 32.4 10.8 7.96 10.34 24.6 14.76 0.236 0.336 0.32 0.624 0.588 2.94 2.9 2.8 2.96 2.66 354 428 420 528 408 18.78 18.32 23.6 22 14.48 190.4 177.4 183 318 244
173.4 64.6 161.4 141.2 143.8 8.94 8.5 13.36 17.58 1.176 54.4 41.2 55 63 67.2 4.32 4.12 6.56 7.62 8.96 16.04 16.12 17.62 16.8 26.6 1.732 1.062 2.6 1.762 2.14 57.2 41.2 51.8 52 48.2 19.22 15.52 20.8 26.4 27.4 0.464 0.458 0.594 0.72 0.864 3.98 2.54 3.32 2.68 4.58 514 356 582 568 508 24.8 15.2 29 16.9 19.92 348 184.8 318 270 324
148.8 124.2 80.8 105.6 104.2 0 0 5.88 13.62 12.56 43 47 28.4 52.8 59.6 5.38 5.62 3.36 5.68 9.5 14.54 17.94 13.6 22 21.4 1.306 1.794 1.112 1.668 1.136 44.4 45 35.4 45 76.4 15.66 16.2 7.98 17.66 22 0.6 0.648 0.51 0.74 0.906 2.82 2.98 2.04 2.84 2.78 338 468 272 398 638 12.3 21.4 16.66 15.4 14.54 276 224 104 202 195.2
113.2 132.8 119.6 122.2 90.6 9.4 9.9 9.84 14.18 11.48 48.8 39.6 51.2 45.2 34 5.18 5.72 5.02 8.96 7.5 16.18 18.2 10.78 26 21 1.678 1.2 1.236 1.68 1.538 67 52.2 49.2 68.2 48.2 13 17.2 15.58 16.26 13.4 0.608 0.788 0.636 0.74 0.72 3.16 2.02 2.5 2.84 2.66 512 634 402 608 492 20.6 16.64 28.8 14.28 15.86 196.2 163.2 137.8 246 188.6
320 282 152.8 292 246 5.98 6.68 6.38 18.08 4.2 72.6 80.4 36.4 74.2 64 2.62 24.4 3.28 9.5 5.16 3.72 3.94 3.8 3.64 3.18 2.06 0.584 0.74 2.12 0.696 106.6 100.6 82 101.6 90.8 17.38 18.6 10.7 20.6 13.92 0.542 0.598 0.282 0.548 0.444 1.228 0.854 1 1.466 0.908 280 274 155.2 306 246 29.6 26.4 14.5 26.2 20.8 100.2 48.8 41.2 88.2 38.6
382 324 238 388 530 4.22 3.34 3.62 5.72 4.5 61 61.6 52 58.8 64.6 5.66 3.3 5.56 3.8 2.2 1.178 0.952 0.966 1.016 0.972 1.87 1.082 1.674 2.08 0.896 160.4 141 147.8 128.6 136 13.72 13.88 10.12 14.26 21.2 0.376 0.338 0.366 0.482 0.48 0.996 0.91 0.64 0.838 0.868 220 232 178 234 332 32.4 27.2 25.8 22.4 33.4 75.6 48.4 30.4 38.8 33.6
394 366 414 444 374 2.92 3 2.6 7.54 3.68 58.8 55.8 68.6 15.66 9.98 3.94 3.18 3.1 6.2 2.66 0.856 0.756 1.458 0.748 1.344 0.802 0.828 0.746 1.002 0.752 146.8 134.8 177.4 93.2 121.8 13 12.92 16.06 13.72 13.82 0.492 0.642 0.44 0.288 0.306 0.646 0.636 0.984 0.542 0.728 218 208 210 208 188.2 29.4 31 33.4 23.2 25 42 69.2 48 62.2 46.8
320 376 320 424 468 4.78 3.12 3.42 5.4 2.98 41.4 57.8 53.4 15.52 18.46 3 3.8 3.84 4.02 3.04 0.754 1.164 0.636 0.756 0.858 0.984 0.904 1.116 0.894 0.706 89 0 108.4 115.2 109.6 11.4 0.00264 13.26 13.28 18.68 0.302 0.736 0.416 0.574 0.76 0.748 0.928 0.62 0.818 0.58 143.6 218 214 230 260 23.4 33.6 27.8 28 32.8 49.6 71.2 78.2 54.6 99.4
390 380 404 628 564 2.7 2.02 2.64 3.62 4.42 56.4 47.8 55.4 31 27.2 2.98 2.06 3.18 2.42 4.62 0.992 0.718 0.906 1.21 1.156 0.956 0.982 1.25 1.166 0.982 132.4 123 149 154 145 15.9 12.82 14.76 18.66 17.22 0.74 0.408 0.696 0.722 0.364 0.672 0.568 0.714 0.78 0.848 214 199.2 214 250 262 37.4 30.4 37.4 47 42.6 86.2 57 51.6 96.8 99.6
468 404 276 452 432 6.1 2.8 3.78 2.76 2.74 9.08 39.2 32 23.8 25.4 3.46 1.49 1.952 2.8 3.46 1.128 1.086 0.94 0.388 0.956 0.69 0.572 0.52 0.54 0.542 148 103 109.2 104.4 106 15.28 14.2 9.02 14.94 16.34 0.478 0.504 0.334 0.386 0.294 0.708 0.594 0.568 0.608 0.752 202 198.4 179.2 226 216 51.8 34.2 24.6 36 40.8 84.4 82.2 28 50.4 88
448 468 354 422 374 3.34 5.84 4.42 4.62 3.88 15.06 14.64 8.96 30.6 28.6 2.34 3.4 2.36 3.16 3.22 1.184 1.296 1.628 5.36e-07 1.28 0.82 0.588 0.396 0.51 0.808 135.4 130.6 183.8 183.8 214 11.18 16.02 11.98 14.7 12.7 0.6 0.712 0.1852 0.1648 0.1902 0.656 0.616 0.752 0.744 0.614 150 236 292 252 226 44.8 45.4 52.4 40.4 42 66 51.2 121.6 69.6 74
322 430 424 390 314 2.5 4.2 4 2.92 3.2 26.4 23.6 23.6 26.8 22.8 2.64 2.86 4.6 2.1 2.26 1.99 1.854 1.932 1.894 0.902 0.426 0.542 0.486 0.348 0.262 141.6 162.6 172 141.4 128 13.08 14.68 15.58 14.58 13 0.494 0.388 0.694 0.244 0.32 0.668 0.942 0.736 0.69 0.648 244 288 258 228 248 64.6 70 69.8 37.4 36.4 106.6 100 95.8 88.2 69.4
302 300 262 396 492 2.38 2.8 4.82 3.42 3.14 22.4 19.4 16.36 27.6 29.4 1.66 3.12 5.7 4.24 3.34 1.13 1.394 1.206 1.198 1.776 0.798 0.512 0.528 0.428 0.438 131.8 132.2 127.6 133.2 130.8 8.5 11.12 9.9 13.16 19.14 0.282 0.664 0.53 0.382 0.39 0.48 0.806 0.644 0.796 0.876 180.4 236 191.8 230 278 61.8 55.2 57.2 36.2 44 151 102 48 80.8 75.4
462 558 424 472 410 4.88 2.84 2.52 3.44 5 29.2 33.2 28.2 38.8 29.6 5.42 2.3 2.82 2.54 6.08 0.926 1.652 1.398 1.998 1.372 0.516 0.52 0.442 0.908 0.432 123.6 150.4 148.8 183.6 137.4 15.16 17.04 14.36 15.34 16.46 0.66 0.692 0.716 0.362 0.422 0.718 0.97 0.732 0.796 0.826 236 282 268 306 254 67.4 75.4 83.8 63 40 111.4 119.6 64.8 124 131.2
396 382 358 412 358 3.28 3.04 3.04 3.06 3.14 18.56 25.6 21.6 29.6 27.6 1.734 2.96 2.14 2.4 4.48 1.976 0.992 1.22 1.316 1.036 0.514 0.424 0.344 0.42 0.356 121.8 124 122 112.4 121.6 10.72 12.66 13.2 13.54 15.1 0.216 0.61 0.602 0.42 0.43 0.52 0.626 0.578 0.76 0.608 180.4 196 218 181.4 254 53.8 54.4 78 39.8 42.4 172 73 68.8 50.6 80.4
302 296 310 264 350 1.616 5.76 2.96 3.62 2.66 16.64 21.2 15.48 21.6 28.8 1.302 2.74 2.26 3.44 3.2 1.148 1.67 1.202 1.198 1.364 0.332 0.834 0.78 0.528 0.348 129.8 173.2 188.4 129.8 156 8.58 10.24 10.06 9.28 12.92 0.248 0.386 0.418 0.336 0.304 0.254 0.688 0.47 0.734 0.678 148.4 234 214 178.6 232 63.4 59.2 84.6 29.2 42 84.2 92 103 99 103.2
366 294 270 312 246 5.52 4.4 3.12 2.38 1.582 21.8 18.8 17.56 25.8 23 3 2.78 2.34 1.884 2.4 1.588 1.124 1.42 1.054 0.92 0.574 0.576 0.77 0.456 0.266 152.2 129.8 110.6 149 122.6 11.32 9.7 9.02 10.52 9.9 0.518 0.392 0.334 0.31 0.224 0.67 0.364 0.652 0.5 0.452 187 138 175.2 190.2 174.8 70.8 50.8 74.8 47.2 40.2 94.6 56.4 104.6 69.2 58.6
266 230 242 294 334 3.78 2.86 3.82 4.88 2.66 13.08 14 20.6 28 36.2 4.52 2.8 3.12 5.1 3.14 1.256 1.018 1.07 1.462 1.412 0.638 0.634 0.748 1.202 0.49 154.6 125.8 158.6 185.8 147 9.3 9.1 10.22 11.6 14.48 0.544 0.458 0.428 0.1554 0.328 0.662 0.554 0.838 0.876 0.628 178 176 200 214 216 86.2 74.8 67.8 47.6 54.2 87.4 79.6 65.8 112.8 69
